Simply Supported Single Span Beam : Table 2


SL.N  (%)       (fs=290)  (fs=240)  (fs=190)  (fs=145) (fs=120)
-----------------------------------------------------------------
1     0.00       2.000
2     0.20       1.370     1.685
3     0.40       1.030     1.330     1.670
4     0.60       0.980     1.157     1.420     1.770
5     0.80       0.900     1.050     1.280     1.550     1.770
6     1.00       0.850     0.990     1.194     1.420     1.600
7     1.20       0.810     0.943     1.123     1.330     1.490
8     1.40       0.780     0.910     1.070     1.260     1.410
9     1.60       0.750     0.885     1.030     1.220     1.340
10    1.80       0.730     0.845     0.985     1.160     1.285
11    2.00       0.720     0.830     0.960     1.120     1.230
12    2.20       0.690     0.825     0.930     1.085     1.200
13    2.40       0.680     0.805     0.910     1.060     1.168
14    2.60       0.670     0.790     0.900     1.035     1.140
15    2.80       0.665     0.787     0.890     1.020     1.120
16    3.00       0.663     0.785     0.880     1.000     1.100
-----------------------------------------------------------------

