
     GRADE OF CONCRETE (IS 456 : 2000)
     ---------------------------------

P(%)   M 15   M 20   M 25   M 30   M 35   M 40
----------------------------------------------
(1)    (2)     (3)   (4)    (5)    (6)    (7)
----------------------------------------------
0.15   0.18   0.18   0.19   0.20   0.20   0.20
0.25   0.22   0.22   0.23   0.23   0.23   0.23
0.50   0.29   0.30   0.31   0.31   0.31   0.32
0.75   0.34   0.35   0.36   0.37   0.37   0.38
1.00   0.37   0.39   0.40   0.41   0.42   0.42
1.25   0.40   0.42   0.44   0.45   0.45   0.46
1.50   0.42   0.45   0.46   0.48   0.49   0.49
1.75   0.44   0.47   0.49   0.50   0.52   0.52
2.00   0.44   0.49   0.51   0.53   0.54   0.55
2.25   0.44   0.51   0.53   0.55   0.56   0.57
2.50   0.44   0.51   0.55   0.57   0.58   0.60
2.75   0.44   0.51   0.56   0.58   0.60   0.62
3.00   0.44   0.51   0.57   0.60   0.62   0.63
----------------------------------------------
