Simply Supported Single Span Beam : Table 1

Design Shear Strength of Concrete

((100*As)/bd) __________________Concrete Grade______________________
              M 15      M 20      M 25      M 30      M 35      M 40 and above
     (1)       (2)       (3)       (4)       (5)       (6)       (7)
--------------------------------------------------------------------              
  <=0.15      0.28      0.28      0.29      0.29      0.29      0.30
    0.25      0.35      0.36      0.36      0.37      0.37      0.38
    0.50      0.46      0.48      0.49      0.50      0.50      0.51
    0.75      0.54      0.56      0.57      0.59      0.59      0.60
    1.00      0.60      0.62      0.64      0.66      0.67      0.68
    1.25      0.64      0.67      0.70      0.71      0.73      0.74
    1.50      0.68      0.72      0.74      0.76      0.78      0.79
    1.75      0.71      0.75      0.78      0.80      0.82      0.84
    2.00      0.71      0.79      0.82      0.84      0.86      0.88
    2.25      0.71      0.81      0.85      0.88      0.90      0.92
    2.50      0.71      0.82      0.88      0.91      0.93      0.95
    2.75      0.71      0.82      0.90      0.94      0.96      0.98
    3.00      0.71      0.82      0.92      0.96      0.99      1.01
--------------------------------------------------------------------
