
------------------------------------------------------------
Table 1: E.U.D.L., C.D.A. and longitudinal Loads for
         Modified B.G. Loading
------------------------------------------------------------

Span       Total E.U.D.L. Total E.U.D.L       C.D.A.      Tractive     Braking
(m)        for B.M (kN)   for S.F. (kN)       (I.F.)      Effort (kN)  Force (kN)
----------------------------------------------------------------------------------
1           490              490               1.000         81           62
2           490              519               1.000        164          123
3           490              662               1.000        164          123
4           596              778               0.950        245          184
5           741              888               0.877        245          184
6           838              985               0.817        245          185
7           911              1068              0.765        327          221
8           981              1154              0.721        409          276
9          1040              1265              0.683        409          276
10         1101              1377              0.650        490          331
12         1377              1589              0.594        490          331
15         1631              1801              0.531        490          368
20         1964              2168              0.458        735          496
25         2356              2586              0.408        735          565
30         2727              2997              0.372        981          662
40         3498              3815              0.324        981          816
50         4253              4630              0.293        981          978
60         5051              5442              0.271        981         1140
70         5831              6254              0.255        981         1301
80         6603              7065              0.243        981         1463
90         7391              7876              0.233        981         1625
100        8201              8686              0.225        981         1787
110        9011              9496              0.219        981         1949
120        9820             10306              0.213        981         2110
130       10630             11115              0.209        981         2272
-----------------------------------------------------------------------------------

