	Section	Mass	Depth	Width	Area	Thickness		Root	Depth	Radius for		Second Moment	
	Designation	per	of	of	of Section			Radius	between	Local Buckling		of Area	
	Serial Size	Metre	Section	Section		Web	Flange		Fillets	Flange	Web	Axis	Axis
												x-x	y-y
			D	B	A 	t	T	r	d	b / T	d / t		
		kg/m	mm	mm	cm2	mm	mm	mm	mm			cm4	cm4
UKB	1016x305x487	486.7	1036.3	308.5	620	30	54.1	30	868.1	2.85	28.9	1021884	26721
UKB	1016x305x437	437	1026.1	305.4	557	26.9	49	30	868.1	3.12	32.3	910322	23447
UKB	1016x305x393	392.7	1015.9	303	500	24.4	43.9	30	868.1	3.45	35.6	807503	20496
UKB	1016x305x349	349.4	1008.1	302	445	21.1	40	30	868.1	3.78	41.1	723131	18460
UKB	1016x305x314	314.3	999.9	300	400	19.1	35.9	30	868.1	4.18	45.5	644063	16232
UKB	1016x305x272	272.3	990.1	300	347	16.5	31	30	868.1	4.84	52.6	553974	14004
UKB	1016x305x249	248.7	980.1	300	317	16.5	26	30	868.1	5.77	52.6	481192	11754
UKB	1016x305x222	222	970.3	300	283	16	21.1	30	868.1	7.11	54.3	407961	9546
UKB	914x419x388	388	921	420.5	494	21.4	36.6	24.1	799.6	5.74	37.4	719635	45438
UKB	914x419x343	343.3	911.8	418.5	437	19.4	32	24.1	799.6	6.54	41.2	625780	39156
UKB	914x305x289	289.1	926.6	307.7	368	19.5	32	19.1	824.4	4.81	42.3	504187	15597
UKB	914x305x253	253.4	918.4	305.5	323	17.3	27.9	19.1	824.4	5.47	47.7	436305	13301
UKB	914x305x224	224.2	910.4	304.1	286	15.9	23.9	19.1	824.4	6.36	51.8	376414	11236
UKB	914x305x201	200.9	903	303.3	256	15.1	20.2	19.1	824.4	7.51	54.6	325254	9423
UKB	838x292x226	226.5	850.9	293.8	289	16.1	26.8	17.8	761.7	5.48	47.3	339704	11360
UKB	838x292x194	193.8	840.7	292.4	247	14.7	21.7	17.8	761.7	6.74	51.8	279175	9066
UKB	838x292x176	175.9	834.9	291.7	224	14	18.8	17.8	761.7	7.76	54.4	246021	7799
UKB	762x267x197	196.8	769.8	268	251	15.6	25.4	16.5	686	5.28	44	239957	8175
UKB	762x267x173	173	762.2	266.7	220	14.3	21.6	16.5	686	6.17	48	205282	6850
UKB	762x267x147	146.9	754	265.2	187	12.8	17.5	16.5	686	7.58	53.6	168502	5455
UKB	762x267x134	133.9	750	264.4	171	12	15.5	16.5	686	8.53	57.2	150692	4788
UKB	686x254x170	170.2	692.9	255.8	217	14.5	23.7	15.2	615.1	5.4	42.4	170326	6630
UKB	686x254x152	152.4	687.5	254.5	194	13.2	21	15.2	615.1	6.06	46.6	150355	5784
UKB	686x254x140	140.1	683.5	253.7	178	12.4	19	15.2	615.1	6.68	49.6	136267	5183
UKB	686x254x125	125.2	677.9	253	159	11.7	16.2	15.2	615.1	7.81	52.6	117992	4383
UKB	610x305x238	238.1	635.8	311.4	303	18.4	31.4	16.5	540	4.96	29.3	209471	15837
UKB	610x305x179	179	620.2	307.1	228	14.1	23.6	16.5	540	6.51	38.3	153024	11408
UKB	610x305x149	149.2	612.4	304.8	190	11.8	19.7	16.5	540	7.74	45.8	125876	9308
UKB	610x229x140	139.9	617.2	230.2	178	13.1	22.1	12.7	547.6	5.21	41.8	111777	4505
UKB	610x229x125	125.1	612.2	229	159	11.9	19.6	12.7	547.6	5.84	46	98610	3932
UKB	610x229x113	113	607.6	228.2	144	11.1	17.3	12.7	547.6	6.6	49.3	87318	3434
UKB	610x229x101	101.2	602.6	227.6	129	10.5	14.8	12.7	547.6	7.69	52.2	75780	2915
UKB	610x178x100	100.3	607.4	179.2	128	11.3	17.2	12.7	547.6	5.21	48.5	72528	1658
UKB	610x178x92	92.2	603	178.8	117	10.9	15	12.7	547.6	5.96	50.2	64577	1436
UKB	610x178x82	81.8	598.6	177.9	104	10	12.8	12.7	547.6	6.95	54.8	55869	1207
UKB	533x312x272	273.3	577.1	320.2	348	21.1	37.6	12.7	476.5	4.26	22.6	198971	20615
UKB	533x312x219	218.8	560.3	317.4	279	18.3	29.2	12.7	476.5	5.43	26	151281	15589
UKB	533x312x182	181.5	550.7	314.5	231	15.2	24.4	12.7	476.5	6.44	31.3	123474	12667
UKB	533x312x150	150.6	542.5	312	192	12.7	20.3	12.7	476.5	7.68	37.5	100840	10285
UKB	533x210x138	138.3	549.1	213.9	176	14.7	23.6	12.7	476.5	3.68	32.4	86100	3860
UKB	533x210x122	122.0	544.5	211.9	155.0	12.7	21.3	12.7	476.5	4.08	37.5	76000	3390
UKB	533x210x109	109.0	539.5	210.8	139.0	11.6	18.8	12.7	476.5	4.62	41.1	66800	2940
UKB	533x210x101	101.0	536.7	210.0	129.0	10.8	17.4	12.7	476.5	4.99	44.1	61500	2690
UKB	533x210x92	92.1	533.1	209.3	117.0	10.1	15.6	12.7	476.5	5.57	47.2	55200	2390
UKB	533x210x82	82.2	528.3	208.8	105.0	9.6	13.2	12.7	476.5	6.58	49.6	47500	2010
UKB	533x165x85	84.8	534.9	166.5	108.0	10.3	16.5	12.7	476.5	3.96	46.3	48500	1270
UKB	533x165x75	74.7	529.1	165.9	95.2	9.7	13.6	12.7	476.5	4.81	49.1	41100	1040
UKB	533x165x66	65.7	524.7	165.1	83.7	8.9	11.4	12.7	476.5	5.74	53.5	35000	859
UKB	457x191x161	161.4	492.0	199.4	206.0	18.0	32.0	10.2	407.6	2.52	22.6	79800	4250
UKB	457x191x133	133.3	480.6	196.7	170.0	15.3	26.3	10.2	407.6	3.06	26.6	63800	3350
UKB	457x191x106	105.8	469.2	194.0	135.0	12.6	20.6	10.2	407.6	3.91	32.3	48900	2510
UKB	457x191x98	98.3	467.2	192.8	125.0	11.4	19.6	10.2	407.6	4.11	35.8	45700	2350
UKB	457x191x89	89.3	463.4	191.9	114.0	10.5	17.7	10.2	407.6	4.55	38.8	41000	2090
UKB	457x191x82	82.0	460.0	191.3	104.0	9.9	16.0	10.2	407.6	5.03	41.2	37100	1870
UKB	457x191x74	74.3	457.0	190.4	94.6	9.0	14.5	10.2	407.6	5.55	45.3	33300	1670
UKB	457x191x67	67.1	453.4	189.9	85.5	8.5	12.7	10.2	407.6	6.34	48.0	29400	1450
UKB	457x152x82	82.1	465.8	155.3	105.0	10.5	18.9	10.2	407.6	3.29	38.8	36600	1180
UKB	457x152x74	74.2	462.0	154.4	94.5	9.6	17.0	10.2	407.6	3.66	42.5	32700	1050
UKB	457x152x67	67.2	458.0	153.8	85.6	9.0	15.0	10.2	407.6	4.15	45.3	28900	913
UKB	457x152x60	59.8	454.6	152.9	76.2	8.1	13.3	10.2	407.6	4.68	50.3	25500	795
UKB	457x152x52	52.3	449.8	152.4	66.6	7.6	10.9	10.2	407.6	5.71	53.6	21400	645
UKB	406x178x85	85.3	417.2	181.9	109.0	10.9	18.2	10.2	360.4	4.14	33.1	31700	1830
UKB	406x178x74	74.2	412.8	179.5	94.5	9.5	16.0	10.2	360.4	4.68	37.9	27300	1550
UKB	406x178x67	67.1	409.4	178.8	85.5	8.8	14.3	10.2	360.4	5.23	41.0	24300	1360
UKB	406x178x60	60.1	406.4	177.9	76.5	7.9	12.8	10.2	360.4	5.84	45.6	21600	1200
UKB	406x178x54	54.1	402.6	177.7	69.0	7.7	10.9	10.2	360.4	6.86	46.8	18700	1020
UKB	406x140x53	53.3	406.6	143.3	67.9	7.9	12.9	10.2	360.4	4.46	45.6	18300	635
UKB	406x140x46	46.0	403.2	142.2	58.6	6.8	11.2	10.2	360.4	5.13	53.0	15700	538
UKB	406x140x39	39.0	398.0	141.8	49.7	6.4	8.6	10.2	360.4	6.69	56.3	12500	410
UKB	356x171x67	67.1	363.4	173.2	85.5	9.1	15.7	10.2	311.6	4.58	34.2	19500	1360
UKB	356x171x57	57.0	358.0	172.2	72.6	8.1	13.0	10.2	311.6	5.53	38.5	16000	1110
UKB	356x171x51	51.0	355.0	171.5	64.9	7.4	11.5	10.2	311.6	6.25	42.1	14100	968
UKB	356x171x45	45.0	351.4	171.1	57.3	7.0	9.7	10.2	311.6	7.41	44.5	12100	811
UKB	356x127x39	39.1	353.4	126.0	49.8	6.6	10.7	10.2	311.6	4.63	47.2	10200	358
UKB	356x127x33	33.1	349.0	125.4	42.1	6.0	8.5	10.2	311.6	5.82	51.9	8250	280
UKB	305x165x54	54.0	310.4	166.9	68.8	7.9	13.7	8.9	265.2	5.15	33.6	11700	1060
UKB	305x165x46	46.1	306.6	165.7	58.7	6.7	11.8	8.9	265.2	5.98	39.6	9900	896
UKB	305x165x40	40.3	303.4	165.0	51.3	6.0	10.2	8.9	265.2	6.92	44.2	8500	764
UKB	305x127x48	48.1	311.0	125.3	61.2	9.0	14.0	8.9	265.2	3.52	29.5	9570	461
UKB	305x127x42	419.0	307.2	124.3	53.4	8.0	12.1	8.9	265.2	4.07	33.2	8200	389
UKB	305x127x37	37.0	304.4	123.4	47.2	7.1	10.7	8.9	265.2	4.60	37.4	7170	336
UKB	305x102x33	32.8	312.7	102.4	41.8	6.6	10.8	7.6	275.9	3.73	41.8	6500	194
UKB	305x102x28	28.2	308.7	101.8	35.9	6.0	8.8	7.6	275.9	4.58	46.0	5370	155
UKB	305x102x25	24.8	305.1	101.6	31.6	5.8	7.0	7.6	275.9	5.76	47.6	4460	123
UKB	254x146x43	43.0	259.6	147.3	54.8	7.2	12.7	7.6	219.0	4.92	30.4	6540	677
UKB	254x146x37	37.0	256.0	146.4	47.2	6.3	10.9	7.6	219.0	5.73	34.8	5540	571
UKB	254x146x31	31.1	251.4	146.1	39.7	6.0	8.6	7.6	219.0	7.26	36.5	4410	448
UKB	254x102x28	28.3	260.4	102.2	36.1	6.3	10.0	7.6	225.2	4.04	35.7	4000	179
UKB	254x102x25	25.2	257.2	101.9	32.0	6.0	8.4	7.6	225.2	4.80	37.5	3410	149
UKB	254x102x22	22.0	254.0	101.6	28.0	5.7	6.8	7.6	225.2	5.93	39.5	2840	119
UKB	203x133x30	30.0	206.8	133.9	38.2	6.4	9.6	7.6	172.4	5.85	26.9	2900	385
UKB	203x133x25	25.1	203.2	133.2	32.0	5.7	7.8	7.6	172.4	7.20	30.2	2340	308
UKB	203x102x23	23.1	203.2	101.8	29.4	5.4	9.3	7.6	169.4	4.37	31.4	2100	164
UKB	178x102x19	19.0	177.8	101.2	24.3	4.8	7.9	7.6	146.8	5.14	30.6	1360	137
UKB	152x89x16	16.0	152.4	88.7	20.3	4.5	7.7	7.6	121.8	4.48	27.1	834	89.8
UKB	127x76x13	13.0	127.0	76.0	16.5	4.0	7.6	7.6	96.6	3.74	24.2	473	55.7
