               Indian Standard Angles :: ISA

 Size     t            a          Ixx               Iyy         Rxx     Ryy     Zxx           Zyy
(A x B)  (mm)       (sq.cm)     (cm**4)           (cm**4)       (cm)    (cm)   (cm**2)       (cm**3)
---------------------------------------------------------------------------------------------------
9060     6.0         8.65         70.6              25.2        2.86    1.71     11.5         5.5
9060     8.0        11.37         91.5              32.4        2.84    1.69     15.1         7.2
9060    10.0        14.01        110.9              39.1        2.81    1.67     18.6         8.8
9060    12.0        16.57        129.1              45.2        2.79    1.65     22.0        10.3

10065    6.0         9.55         96.7              32.4        3.18    1.84     14.2         6.4
10065    8.0        12.57        125.9              41.9        3.16    1.83     18.7         8.5
10065   10.0        15.51        153.2              50.7        3.14    1.81     23.1        10.4

10075    6.0        10.14        100.9              48.7        3.15    2.19     14.4         8.5
10075    8.0        13.36        131.6              63.3        3.14    2.18     19.1        11.2
10075   10.0        16.50        160.4              79.9        3.12    2.16     23.6        13.8
10075   12.0        19.56        187.5              89.5        3.10    2.14     27.9        16.3  
---------------------------------------------------------------------------------------------------

 