
--------------------------------------------------------------------------------
Table 2 :  Influence Coefficient Cs for 
           Concentrated Surface Loads for Highway
--------------------------------------------------------------------------------


Pipe  Outer      
size   Dia                 Cs for Various Depths in metres
(d)    (D)  --------------------------------------------------------------------
(mm)  (mm)   0.1    0.2    0.3    0.4    0.5    0.6    0.7    0.8    0.9    0.10
--------------------------------------------------------------------------------
 500   650  0.246  0.228  0.198  0.169  0.117  0.083  0.060  0.017  0.008  0.005
 600   760  0.247  0.234  0.210  0.182  0.131  0.094  0.068  0.022  0.010  0.006
 700   860  0.247  0.236  0.215  0.186  0.140  0.102  0.075  0.024  0.010  0.006
 800   980  0.249  0.240  0.220  0.196  0.149  0.110  0.083  0.027  0.013  0.007  
 900  1100  0.249  0.241  0.225  0.202  0.156  0.117  0.089  0.029  0.014  0.008
1000  1200  0.249  0.242  0.228  0.205  0.162  0.123  0.095  0.032  0.015  0.010  
1200  1430  0.249  0.242  0.230  0.209  0.171  0.131  0.104  0.036  0.020  0.011
--------------------------------------------------------------------------------
