-------------------------------------------
Table 1 : Load on Pipe due to Earthfill
-------------------------------------------

Pipe  Outer        Embankment loading on pipe in kN/m for 
size   Dia               various depths H in metres
(d)    (D)  -----------------------------------------------------------------
(mm)  (mm)   1     2      3     4      5      6      7      8      9      10
-----------------------------------------------------------------------------
500   650  16.8  34.9   54.0   65.3   99.0  118.5  150.0  171.0  191.0  212.0
600   760  18.7  42.6   62.4   75.5  103.0  133.0  160.5  186.0  197.0  230.0
700   860  20.0  48.0   68.0   86.5  118.5  154.5  174.0  209.0  228.0  246.0
800   980  24.2  55.3   79.5  107.0  136.5  163.0  202.0  230.0  260.0  288.0
900  1100  28.3  58.7   91.5  122.0  150.0  185.0  209.0  257.0  297.0  338.0
1000 1200  28.6  59.5  101.0  132.0  163.0  202.0  228.0  259.0  324.0  357.0
1200 1430  33.4  74.0  115.0  159.0  200.0  226.0  274.0  315.0  352.0  427.5
------------------------------------------------------------------------------

